5331.5179,N,00851.0421,W
(d)ddmm.mmmm
d = degree
m = minutes

53 + 31.5179/60
53.52529833


08 + 51.0421/60
8.85070166

$GPGGA,222838.000,5331.5249,N,00851.0421,W,1,9,1.12,74.3,M,58.0,M,,*7C
$GPGSA,A,3,28,21,27,08,10,14,01,32,30,,,,1.37,1.12,0.80*0E
$GPGSV,4,1,14,08,77,152,24,21,72,258,19,01,45,255,27,27,37,127,16*75
$GPGSV,4,2,14,10,35,054,20,14,28,311,20,22,27,197,21,28,24,317,22*70
$GPGSV,4,3,14,32,18,099,15,23,08,039,,30,06,279,16,20,04,043,*7B
$GPGSV,4,4,14,03,03,202,,47,,,*4F
$GPRMC,222838.000,A,5331.5249,N,00851.0421,W,0.79,327.99,180221,,,A*78
